1	21.39	52.56	1.02	31	65
2	21.39	52.59	1.02	31	66
3	21.39	52.60	1.02	31	63
4	21.39	52.62	1.02	31	68
5	21.40	52.65	1.02	31	60
6	21.39	52.67	1.02	31	68
7	21.40	52.70	1.02	31	61
8	21.39	52.70	1.02	31	66
9	21.39	52.71	1.02	31	65
10	21.39	52.76	1.02	31	64
11	21.40	52.80	1.02	31	65
12	21.40	52.78	1.02	31	51
13	21.41	52.75	1.02	31	65
14	21.43	52.75	1.02	31	52
15	21.44	52.78	1.02	31	61
16	21.44	52.75	1.02	31	60
17	21.46	52.85	1.02	31	57
18	21.48	52.90	1.02	31	54
19	21.48	52.89	1.02	32	51
20	21.48	52.82	1.02	31	63
21	21.48	52.79	1.02	31	57
22	21.50	52.75	1.02	31	63
23	21.50	52.77	1.02	31	58
24	21.51	52.77	1.02	31	64
25	21.53	52.71	1.02	31	54
26	21.53	52.68	1.02	31	56
27	21.54	52.70	1.02	31	70
28	21.56	52.77	1.02	31	56
29	21.58	52.81	1.02	31	60
30	21.59	52.86	1.02	31	63
31	21.60	52.74	1.02	31	58
32	21.59	52.63	1.02	31	55
33	21.60	52.57	1.02	32	51
34	21.60	52.54	1.02	31	70
35	21.62	52.52	1.02	31	62
36	21.63	52.51	1.02	31	52
37	21.63	52.49	1.02	77	51
38	21.65	52.47	1.02	79	50
39	21.65	52.46	1.02	78	53
40	21.66	52.44	1.02	51	49
41	21.68	52.43	1.02	31	64
42	21.70	52.43	1.02	31	58
43	21.73	52.47	1.02	31	57
44	21.73	52.39	1.02	34	51
45	21.73	52.29	1.02	32	38
46	21.73	52.25	1.02	32	43
47	21.74	52.23	1.02	31	44
48	21.75	52.22	1.02	31	61
49	21.74	52.18	1.02	31	56
50	21.73	52.12	1.02	31	59
51	21.74	52.10	1.02	69	59
52	21.76	52.11	1.02	74	57
53	21.76	52.14	1.02	74	61
54	21.77	52.21	1.02	74	56
55	21.79	52.33	1.02	74	61
56	21.79	52.26	1.02	75	56
57	21.79	52.26	1.02	74	58
58	21.78	52.21	1.02	74	59
59	21.76	52.42	1.02	74	57
60	21.73	52.28	1.02	74	61
61	21.72	52.26	1.02	73	55
62	21.69	52.23	1.02	73	60
63	21.69	52.20	1.02	72	55
64	21.69	52.20	1.02	72	64
65	21.66	52.19	1.02	71	61
66	21.66	52.15	1.02	71	63
67	21.66	52.16	1.02	73	63
68	21.65	52.14	1.02	73	61
69	21.65	52.17	1.02	65	58
70	21.65	52.23	1.02	31	58
71	21.65	52.26	1.02	32	47
72	21.67	52.28	1.02	34	42
73	21.71	52.30	1.02	32	48
74	21.73	52.26	1.02	31	54
75	21.72	52.20	1.02	32	63
76	21.73	52.15	1.02	31	55
77	21.75	52.14	1.02	31	57
78	21.76	52.19	1.02	31	51
79	21.76	52.27	1.02	31	34
80	21.81	53.82	1.02	31	28
81	24.76	66.05	1.02	31	23
82	25.63	67.63	1.02	31	41
83	25.04	66.86	1.02	31	42
84	24.50	67.01	1.02	31	45
85	23.92	67.06	1.02	31	23
86	25.59	71.51	1.02	31	21
87	26.92	73.22	1.02	31	22
88	26.66	70.51	1.02	31	48
89	26.13	69.71	1.02	32	59
90	25.49	69.55	1.02	31	53
91	24.82	69.25	1.02	31	69
92	24.45	69.45	1.02	31	56
93	24.13	69.08	1.02	31	68
94	23.73	67.73	1.02	31	61
95	23.61	67.14	1.02	31	48
96	23.52	65.36	1.02	32	41
97	23.43	64.79	1.02	32	34
98	25.31	71.85	1.02	31	26
99	26.09	72.49	1.02	31	41
100	25.42	71.02	1.02	32	68
101	24.89	70.83	1.02	31	46
102	24.43	70.20	1.02	31	57
103	24.22	68.02	1.02	31	51
104	24.07	66.67	1.02	31	56
105	23.93	66.08	1.02	31	59
106	23.81	65.31	1.02	31	55
107	23.75	65.43	1.02	32	66
108	23.72	65.50	1.02	31	62
109	23.66	64.52	1.02	31	67
110	23.60	63.73	1.02	31	56
111	23.53	62.43	1.02	31	50
112	23.45	61.70	1.02	31	53
113	23.41	62.51	1.02	31	53
114	23.38	62.74	1.02	31	59
115	23.31	60.89	1.02	32	54
116	23.25	59.76	1.02	31	53
117	23.21	59.17	1.02	31	52
118	23.17	58.67	1.02	32	53
119	23.13	58.51	1.02	31	59
120	23.12	59.23	1.02	31	55
121	23.09	58.51	1.02	31	60
122	23.05	58.06	1.02	31	54
123	23.02	57.59	1.02	31	51
124	22.99	57.71	1.02	31	58
125	22.96	57.41	1.02	31	59
126	22.94	57.25	1.02	31	58
127	22.93	57.42	1.02	31	51
128	22.92	57.90	1.02	31	54
129	22.91	57.67	1.02	31	50
130	22.88	56.67	1.02	31	68
131	22.87	56.48	1.02	31	60
132	22.86	56.33	1.02	31	68
133	22.83	55.77	1.02	31	62
134	22.82	55.56	1.02	31	67
135	22.82	55.73	1.02	31	48
136	22.82	55.54	1.02	31	64
137	22.81	55.06	1.02	31	68
138	22.80	54.74	1.02	32	61
139	22.77	54.35	1.02	31	68
140	22.75	54.12	1.02	32	61
141	22.71	53.88	1.02	31	68
142	22.69	53.73	1.02	31	62
143	22.66	53.58	1.02	31	66
144	22.63	53.44	1.02	31	67
145	22.62	53.39	1.02	32	61
146	22.61	53.32	1.02	31	69
147	22.61	53.26	1.02	31	60
148	22.57	53.21	1.02	31	68
149	22.55	53.14	1.02	32	64
150	22.54	53.06	1.02	31	65
151	22.56	52.97	1.02	31	68
152	22.55	52.88	1.02	32	62
153	22.52	52.79	1.02	31	68
154	22.51	52.73	1.02	31	61
155	22.50	52.67	1.02	31	66
156	22.51	52.60	1.02	31	64
157	22.52	52.58	1.02	31	65
158	22.50	52.49	1.02	31	68
159	22.51	52.43	1.02	31	62
160	22.52	52.37	1.02	32	69
161	22.53	52.33	1.02	31	61
162	22.54	52.28	1.02	31	67
163	22.54	52.20	1.02	31	64
164	22.54	52.12	1.02	31	66
165	22.53	52.05	1.02	31	66
166	22.51	51.99	1.02	31	64
167	22.49	51.93	1.02	32	68
168	22.48	51.93	1.02	31	62
169	22.49	51.91	1.02	31	69
170	22.48	51.91	1.02	31	53
171	22.47	51.87	1.02	32	68
172	22.46	51.82	1.02	31	64
173	22.45	51.77	1.02	31	65
174	22.43	51.71	1.02	32	63
175	22.42	51.67	1.02	31	55
176	22.42	51.66	1.02	31	68
177	22.41	51.65	1.02	31	61
178	22.42	51.60	1.02	31	68
179	22.42	51.59	1.02	31	63
180	22.43	51.54	1.02	31	66
181	22.42	51.55	1.02	32	67
182	22.42	51.53	1.02	31	63
183	22.41	51.53	1.02	31	69
184	22.41	51.52	1.02	31	61
185	22.41	51.52	1.02	32	68
186	22.40	51.51	1.02	31	62
187	22.40	51.50	1.02	31	67
188	22.41	51.49	1.02	32	66
189	22.40	51.45	1.02	32	65
190	22.40	51.46	1.02	31	68
191	22.39	51.54	1.02	31	63
